P3S=65
P3D=192
P3SPRE=2
P3SAFTER=128

MMMNS=64
MMND=191
MMNSPRE=1
MMNSAFTER=127

MMNSTD=20
MMNDEV=21
P3STD=22
P3DEV=23

MMNSTD=30
MMNDEV=31
P3STD=32
P3DEV=33